Matriz 1
2 5 8 7 5 7 7 9 7 7 
0 9 9 4 2 4 8 2 4 8 
5 3 1 2 2 9 7 5 1 0 
7 1 4 8 4 2 4 7 7 7 
0 6 9 7 6 7 4 3 4 1 
1 3 8 3 1 0 1 4 3 5 
1 4 4 6 2 9 0 0 4 9 
6 0 9 2 8 1 3 7 3 7 
3 0 1 6 6 5 8 4 4 9 
4 6 7 6 9 0 3 9 6 4 

Matriz 2
1 5 3 8 4 1 5 7 0 9 
6 0 8 2 5 4 9 8 9 9 
5 3 2 0 1 5 0 6 0 5 
4 8 3 0 7 2 5 5 9 1 
9 9 4 2 8 3 9 8 2 9 
3 5 0 7 0 3 7 3 1 9 
3 6 8 8 7 3 4 0 3 7 
0 7 4 2 8 9 5 7 4 7 
7 6 3 8 6 4 8 7 6 4 
0 9 3 3 4 3 3 6 7 4 

Resultado 2
236 380 237 236 321 263 334 352 273 386 
197 255 218 174 226 189 245 264 237 302 
109 190 134 187 161 129 204 160 105 266 
168 335 179 203 279 189 262 299 222 287 
224 250 170 146 216 180 258 261 191 292 
104 159 104 71 133 128 119 181 128 155 
142 233 108 142 146 125 211 218 190 222 
164 298 156 154 234 187 211 285 139 292 
153 326 172 202 251 156 245 230 198 273 
231 323 218 164 312 228 302 349 235 336 

